1000	0.0000000000e+00
2000	0.0000000000e+00
3000	9.9992752075e-04
4000	0.0000000000e+00
5000	0.0000000000e+00
6000	1.0001659393e-03
7000	0.0000000000e+00
8000	9.9992752075e-04
9000	0.0000000000e+00
10000	0.0000000000e+00
11000	9.9992752075e-04
12000	1.0001659393e-03
13000	9.9992752075e-04
14000	9.9992752075e-04
15000	1.0001659393e-03
16000	9.9992752075e-04
17000	9.9992752075e-04
18000	1.0001659393e-03
19000	9.9992752075e-04
20000	9.9992752075e-04
21000	9.9992752075e-04
22000	9.9992752075e-04
23000	9.9992752075e-04
24000	9.9992752075e-04
25000	1.0001659393e-03
26000	9.9992752075e-04
27000	1.0001659393e-03
28000	9.9992752075e-04
29000	9.9992752075e-04
30000	1.0001659393e-03
31000	9.9992752075e-04
32000	1.0001659393e-03
33000	9.9992752075e-04
34000	1.0001659393e-03
35000	1.9998550415e-03
36000	9.9992752075e-04
37000	9.9992752075e-04
38000	2.0000934601e-03
39000	9.9992752075e-04
40000	1.0001659393e-03
41000	9.9992752075e-04
42000	2.0000934601e-03
43000	1.9998550415e-03
44000	2.0000934601e-03
45000	2.0000934601e-03
46000	9.9992752075e-04
47000	9.9992752075e-04
48000	9.9992752075e-04
49000	1.9998550415e-03
50000	2.0000934601e-03
51000	2.0000934601e-03
52000	1.9998550415e-03
53000	2.0000934601e-03
54000	2.0000934601e-03
55000	2.0000934601e-03
56000	1.9998550415e-03
57000	1.9998550415e-03
58000	3.0000209808e-03
59000	2.0000934601e-03
60000	2.0000934601e-03
61000	2.9997825623e-03
62000	3.0000209808e-03
63000	3.0000209808e-03
64000	3.0000209808e-03
65000	3.0000209808e-03
66000	3.0000209808e-03
67000	3.0000209808e-03
68000	3.0000209808e-03
69000	3.0000209808e-03
70000	3.0000209808e-03
71000	2.0000934601e-03
72000	3.0000209808e-03
73000	3.0000209808e-03
74000	3.0000209808e-03
75000	3.0000209808e-03
76000	3.0000209808e-03
77000	3.0000209808e-03
78000	3.0000209808e-03
79000	3.0000209808e-03
80000	3.0000209808e-03
81000	3.0000209808e-03
82000	2.9997825623e-03
83000	3.0000209808e-03
84000	3.0000209808e-03
85000	3.0000209808e-03
86000	3.0000209808e-03
87000	3.0000209808e-03
88000	2.9997825623e-03
89000	3.0000209808e-03
90000	3.0000209808e-03
91000	3.9999485016e-03
92000	4.0001869202e-03
93000	3.9999485016e-03
94000	3.9999485016e-03
95000	3.0000209808e-03
96000	3.9999485016e-03
97000	3.9999485016e-03
98000	3.0000209808e-03
99000	3.9999485016e-03
100000	3.9999485016e-03
101000	3.9999485016e-03
102000	3.9999485016e-03
103000	3.9999485016e-03
104000	3.9999485016e-03
105000	3.9999485016e-03
106000	3.9999485016e-03
107000	3.9999485016e-03
108000	4.0001869202e-03
109000	3.9999485016e-03
110000	4.0001869202e-03
111000	3.9999485016e-03
112000	4.0001869202e-03
113000	3.9999485016e-03
114000	4.0001869202e-03
115000	3.9999485016e-03
116000	5.0001144409e-03
117000	4.9998760223e-03
118000	3.9999485016e-03
119000	4.0001869202e-03
120000	5.0001144409e-03
121000	3.9999485016e-03
122000	5.0001144409e-03
123000	5.0001144409e-03
124000	5.0001144409e-03
125000	4.9998760223e-03
126000	5.0001144409e-03
127000	6.0000419617e-03
128000	5.0001144409e-03
129000	5.0001144409e-03
130000	5.0001144409e-03
131000	4.9998760223e-03
132000	6.0000419617e-03
133000	4.9998760223e-03
134000	4.9998760223e-03
135000	5.0001144409e-03
136000	6.0000419617e-03
137000	6.0000419617e-03
138000	5.0001144409e-03
139000	6.0000419617e-03
140000	5.0001144409e-03
141000	5.0001144409e-03
142000	6.0000419617e-03
143000	6.0000419617e-03
144000	5.0001144409e-03
145000	6.0000419617e-03
146000	6.0000419617e-03
147000	5.0001144409e-03
148000	6.0000419617e-03
149000	6.9999694824e-03
150000	5.9998035431e-03
151000	6.9999694824e-03
152000	6.0000419617e-03
153000	6.0000419617e-03
154000	6.0000419617e-03
155000	6.0000419617e-03
156000	6.0000419617e-03
157000	6.0000419617e-03
158000	6.0000419617e-03
159000	6.0000419617e-03
160000	6.0000419617e-03
161000	6.9999694824e-03
162000	5.9998035431e-03
163000	6.9999694824e-03
164000	6.0000419617e-03
165000	6.9999694824e-03
166000	6.0000419617e-03
167000	6.9999694824e-03
168000	6.9999694824e-03
169000	6.9999694824e-03
170000	6.0000419617e-03
171000	5.9998035431e-03
172000	6.0000419617e-03
173000	6.9999694824e-03
174000	6.9999694824e-03
175000	6.9999694824e-03
176000	7.0002079010e-03
177000	6.9999694824e-03
178000	6.9999694824e-03
179000	6.9999694824e-03
180000	6.9999694824e-03
181000	7.9998970032e-03
182000	7.0002079010e-03
183000	6.9999694824e-03
184000	6.9999694824e-03
185000	7.9998970032e-03
186000	7.0002079010e-03
187000	6.9999694824e-03
188000	6.9999694824e-03
189000	7.9998970032e-03
190000	6.9999694824e-03
191000	7.0002079010e-03
192000	6.9999694824e-03
193000	6.9999694824e-03
194000	8.0001354218e-03
195000	7.9998970032e-03
196000	7.9998970032e-03
197000	8.0001354218e-03
198000	6.9999694824e-03
199000	6.9999694824e-03
200000	7.0002079010e-03
201000	6.9999694824e-03
202000	7.9998970032e-03
203000	7.9998970032e-03
204000	8.0001354218e-03
205000	7.0002079010e-03
206000	8.0001354218e-03
207000	7.9998970032e-03
208000	7.9998970032e-03
209000	7.9998970032e-03
210000	9.0000629425e-03
211000	7.9998970032e-03
212000	9.0000629425e-03
213000	8.0001354218e-03
214000	9.0000629425e-03
215000	7.9998970032e-03
216000	8.0001354218e-03
217000	8.0001354218e-03
218000	9.0000629425e-03
219000	9.0000629425e-03
220000	9.0000629425e-03
221000	9.0000629425e-03
222000	9.0000629425e-03
223000	9.9999904633e-03
224000	9.9999904633e-03
225000	7.9998970032e-03
226000	9.0000629425e-03
227000	9.0000629425e-03
228000	9.0000629425e-03
229000	9.0000629425e-03
230000	9.0000629425e-03
231000	1.0999917984e-02
232000	9.0000629425e-03
233000	9.0000629425e-03
234000	9.0000629425e-03
235000	9.9999904633e-03
236000	9.9999904633e-03
237000	9.0000629425e-03
238000	9.0000629425e-03
239000	9.0000629425e-03
240000	9.9999904633e-03
241000	9.9999904633e-03
242000	9.9999904633e-03
243000	9.9999904633e-03
244000	1.0999917984e-02
245000	9.0000629425e-03
246000	9.0000629425e-03
247000	9.9999904633e-03
248000	9.9999904633e-03
249000	9.9999904633e-03
250000	9.0000629425e-03
251000	9.9999904633e-03
252000	9.9999904633e-03
253000	9.0000629425e-03
254000	9.9999904633e-03
255000	9.9999904633e-03
256000	9.9999904633e-03
257000	9.9999904633e-03
258000	9.9999904633e-03
259000	1.1000156403e-02
260000	9.9999904633e-03
261000	1.0000228882e-02
262000	9.9999904633e-03
263000	1.1000156403e-02
264000	9.9999904633e-03
265000	9.9999904633e-03
266000	1.1000156403e-02
267000	1.0999917984e-02
268000	1.0999917984e-02
269000	1.1000156403e-02
270000	9.9999904633e-03
271000	9.9999904633e-03
272000	9.9999904633e-03
273000	9.9999904633e-03
274000	1.0999917984e-02
275000	9.9999904633e-03
276000	1.0999917984e-02
277000	1.3000011444e-02
278000	1.0999917984e-02
279000	1.0999917984e-02
280000	1.0999917984e-02
281000	1.0999917984e-02
282000	1.0999917984e-02
283000	1.1000156403e-02
284000	1.1000156403e-02
285000	1.1000156403e-02
286000	1.0999917984e-02
287000	1.0999917984e-02
288000	1.0999917984e-02
289000	1.1000156403e-02
290000	1.1000156403e-02
291000	1.1000156403e-02
292000	1.0999917984e-02
293000	1.0999917984e-02
294000	1.0999917984e-02
295000	1.0999917984e-02
296000	1.0999917984e-02
297000	1.1999845505e-02
298000	1.2000083923e-02
299000	1.2000083923e-02
300000	1.2000083923e-02
301000	1.1000156403e-02
302000	1.2000083923e-02
303000	1.1999845505e-02
304000	1.2000083923e-02
305000	1.2000083923e-02
306000	1.1000156403e-02
307000	1.2000083923e-02
308000	1.2000083923e-02
309000	1.3000011444e-02
310000	1.1999845505e-02
311000	1.2000083923e-02
312000	1.3000011444e-02
313000	1.2000083923e-02
314000	1.2000083923e-02
315000	1.1999845505e-02
316000	1.2000083923e-02
317000	1.3000011444e-02
318000	1.1999845505e-02
319000	1.3000011444e-02
320000	1.1999845505e-02
321000	1.3000011444e-02
322000	1.4000177383e-02
323000	1.3000011444e-02
324000	1.1999845505e-02
325000	1.3000011444e-02
326000	1.3000011444e-02
327000	1.3000011444e-02
328000	1.2000083923e-02
329000	1.3000011444e-02
330000	1.3000011444e-02
331000	1.3000011444e-02
332000	1.3000011444e-02
333000	1.3000011444e-02
334000	1.3000011444e-02
335000	1.3000011444e-02
336000	1.3000011444e-02
337000	1.3000011444e-02
338000	1.3999938965e-02
339000	1.3000011444e-02
340000	1.3000011444e-02
341000	1.3999938965e-02
342000	1.3000011444e-02
343000	1.3999938965e-02
344000	1.3999938965e-02
345000	1.3000011444e-02
346000	1.2999773026e-02
347000	1.3000011444e-02
348000	1.3999938965e-02
349000	1.3999938965e-02
350000	1.3999938965e-02
351000	1.3999938965e-02
352000	1.4000177383e-02
353000	1.3999938965e-02
354000	1.4000177383e-02
355000	1.4000177383e-02
356000	1.3999938965e-02
357000	1.3999938965e-02
358000	1.3999938965e-02
359000	1.3999938965e-02
360000	1.4999866486e-02
361000	1.3999938965e-02
362000	1.3999938965e-02
363000	1.3999938965e-02
364000	1.5000104904e-02
365000	1.3999938965e-02
366000	1.5000104904e-02
367000	1.3999938965e-02
368000	1.4000177383e-02
369000	1.5000104904e-02
370000	1.5000104904e-02
371000	1.4999866486e-02
372000	1.4999866486e-02
373000	1.4999866486e-02
374000	1.5000104904e-02
375000	1.5000104904e-02
376000	1.3999938965e-02
377000	1.4999866486e-02
378000	1.5000104904e-02
379000	1.6000032425e-02
380000	1.7999887466e-02
381000	1.6000032425e-02
382000	1.4999866486e-02
383000	1.4999866486e-02
384000	1.6999959946e-02
385000	1.5000104904e-02
386000	1.6000032425e-02
387000	1.6000032425e-02
388000	1.6000032425e-02
389000	1.6000032425e-02
390000	1.5999794006e-02
391000	1.5000104904e-02
392000	1.4999866486e-02
393000	1.5000104904e-02
394000	1.6000032425e-02
395000	1.5000104904e-02
396000	1.5000104904e-02
397000	1.4999866486e-02
398000	1.6000032425e-02
399000	1.6000032425e-02
400000	1.4999866486e-02
401000	1.6000032425e-02
402000	1.6000032425e-02
403000	1.6000032425e-02
404000	1.6000032425e-02
405000	1.5999794006e-02
406000	1.6000032425e-02
407000	1.6000032425e-02
408000	1.6000032425e-02
409000	1.6000032425e-02
410000	1.6000032425e-02
411000	1.6000032425e-02
412000	1.6000032425e-02
413000	1.6999959946e-02
414000	1.6000032425e-02
415000	1.6000032425e-02
416000	1.5999794006e-02
417000	1.6000032425e-02
418000	1.6000032425e-02
419000	1.6000032425e-02
420000	1.5999794006e-02
421000	1.7000198364e-02
422000	1.6999959946e-02
423000	1.6999959946e-02
424000	1.6999959946e-02
425000	1.7999887466e-02
426000	1.6999959946e-02
427000	1.6000032425e-02
428000	1.6000032425e-02
429000	1.6999959946e-02
430000	1.6999959946e-02
431000	1.6999959946e-02
432000	1.9000053406e-02
433000	1.6999959946e-02
434000	1.8000125885e-02
435000	1.8000125885e-02
436000	1.8000125885e-02
437000	2.0000219345e-02
438000	1.8000125885e-02
439000	1.7999887466e-02
440000	1.6999959946e-02
441000	1.8000125885e-02
442000	1.7999887466e-02
443000	1.6999959946e-02
444000	1.6999959946e-02
445000	1.8000125885e-02
446000	1.6999959946e-02
447000	1.7999887466e-02
448000	1.8000125885e-02
449000	1.7000198364e-02
450000	1.7999887466e-02
451000	1.7999887466e-02
452000	1.9000053406e-02
453000	1.8000125885e-02
454000	1.7999887466e-02
455000	1.8000125885e-02
456000	1.7999887466e-02
457000	1.8000125885e-02
458000	1.7999887466e-02
459000	1.7999887466e-02
460000	1.8000125885e-02
461000	1.7999887466e-02
462000	1.9000053406e-02
463000	1.8999814987e-02
464000	1.8000125885e-02
465000	1.7999887466e-02
466000	1.9000053406e-02
467000	1.7999887466e-02
468000	1.9000053406e-02
469000	1.9000053406e-02
470000	1.9000053406e-02
471000	1.9000053406e-02
472000	1.9000053406e-02
473000	1.9000053406e-02
474000	1.8999814987e-02
475000	2.1000146866e-02
476000	1.7999887466e-02
477000	1.9000053406e-02
478000	1.9999980927e-02
479000	1.9000053406e-02
480000	1.9999980927e-02
481000	1.8999814987e-02
482000	1.9999980927e-02
483000	1.9000053406e-02
484000	2.2000074387e-02
485000	2.0000219345e-02
486000	1.9000053406e-02
487000	1.9999980927e-02
488000	1.9999980927e-02
489000	1.9999980927e-02
490000	1.9999980927e-02
491000	1.9999980927e-02
492000	1.9999980927e-02
493000	1.9999980927e-02
494000	1.9999980927e-02
495000	1.9999980927e-02
496000	1.9999980927e-02
497000	2.0999908447e-02
498000	1.9999980927e-02
499000	1.9999980927e-02
500000	1.9000053406e-02
501000	2.0999908447e-02
502000	1.9000053406e-02
503000	1.9999980927e-02
504000	1.9999980927e-02
505000	1.9999980927e-02
506000	1.9999980927e-02
507000	1.9999980927e-02
508000	2.0999908447e-02
509000	1.9999980927e-02
510000	1.9999980927e-02
511000	1.9999980927e-02
512000	2.0999908447e-02
513000	2.0999908447e-02
514000	1.9999980927e-02
515000	2.0000219345e-02
516000	2.1000146866e-02
517000	1.9999980927e-02
518000	2.0999908447e-02
519000	2.0999908447e-02
520000	2.1000146866e-02
521000	2.0999908447e-02
522000	2.0999908447e-02
523000	2.4999856949e-02
524000	2.1000146866e-02
525000	2.0999908447e-02
526000	2.1000146866e-02
527000	2.3999929428e-02
528000	2.0999908447e-02
529000	2.0999908447e-02
530000	2.1000146866e-02
531000	2.0999908447e-02
532000	2.2000074387e-02
533000	2.0999908447e-02
534000	2.1000146866e-02
535000	2.0999908447e-02
536000	2.2000074387e-02
537000	2.0999908447e-02
538000	2.1000146866e-02
539000	2.0999908447e-02
540000	2.1999835968e-02
541000	2.2000074387e-02
542000	2.2000074387e-02
543000	2.2000074387e-02
544000	2.2000074387e-02
545000	2.2000074387e-02
546000	2.1999835968e-02
547000	2.2000074387e-02
548000	2.2000074387e-02
549000	2.1999835968e-02
550000	2.1999835968e-02
551000	2.2000074387e-02
552000	2.2000074387e-02
553000	2.3000001907e-02
554000	2.3000001907e-02
555000	2.3000001907e-02
556000	2.1999835968e-02
557000	2.3000001907e-02
558000	2.3000001907e-02
559000	2.3000001907e-02
560000	2.3000001907e-02
561000	2.3000001907e-02
562000	2.3000001907e-02
563000	2.3000001907e-02
564000	2.3000001907e-02
565000	2.3000001907e-02
566000	2.4999856949e-02
567000	2.3000001907e-02
568000	2.4000167847e-02
569000	2.3000001907e-02
570000	2.3000001907e-02
571000	2.3000001907e-02
572000	2.3000001907e-02
573000	2.3999929428e-02
574000	2.3000001907e-02
575000	2.3000001907e-02
576000	2.4000167847e-02
577000	2.3999929428e-02
578000	2.3000001907e-02
579000	2.3000001907e-02
580000	2.3000001907e-02
581000	2.4000167847e-02
582000	2.4000167847e-02
583000	2.3000001907e-02
584000	2.3999929428e-02
585000	2.3999929428e-02
586000	2.4000167847e-02
587000	2.4000167847e-02
588000	2.3000001907e-02
589000	2.3999929428e-02
590000	2.3999929428e-02
591000	2.3999929428e-02
592000	2.3000001907e-02
593000	2.3999929428e-02
594000	2.3999929428e-02
595000	2.3999929428e-02
596000	2.4999856949e-02
597000	2.5000095367e-02
598000	2.3999929428e-02
599000	2.4999856949e-02
600000	2.5000095367e-02
601000	2.3999929428e-02
602000	2.3999929428e-02
603000	2.6000022888e-02
604000	2.5000095367e-02
605000	2.5000095367e-02
606000	2.4999856949e-02
607000	2.4999856949e-02
608000	2.5000095367e-02
609000	2.5000095367e-02
610000	2.3999929428e-02
611000	2.4000167847e-02
612000	2.4999856949e-02
613000	2.5000095367e-02
614000	2.3999929428e-02
615000	2.4999856949e-02
616000	2.5000095367e-02
617000	2.4000167847e-02
618000	2.6000022888e-02
619000	2.4999856949e-02
620000	2.4000167847e-02
621000	2.6000022888e-02
622000	2.4999856949e-02
623000	2.4999856949e-02
624000	2.6000022888e-02
625000	2.6000022888e-02
626000	2.5000095367e-02
627000	2.6000022888e-02
628000	2.5000095367e-02
629000	2.6000022888e-02
630000	2.6000022888e-02
631000	2.6000022888e-02
632000	2.6000022888e-02
633000	2.5999784470e-02
634000	2.4999856949e-02
635000	2.6000022888e-02
636000	2.6999950409e-02
637000	2.6000022888e-02
638000	2.6000022888e-02
639000	2.6000022888e-02
640000	2.6000022888e-02
641000	2.6999950409e-02
642000	2.6000022888e-02
643000	2.6999950409e-02
644000	2.6999950409e-02
645000	2.6000022888e-02
646000	2.7000188828e-02
647000	2.6999950409e-02
648000	2.6000022888e-02
649000	2.6000022888e-02
650000	2.6999950409e-02
651000	2.6000022888e-02
652000	2.6000022888e-02
653000	2.6999950409e-02
654000	2.6999950409e-02
655000	2.6999950409e-02
656000	2.6999950409e-02
657000	2.6999950409e-02
658000	2.7000188828e-02
659000	2.6999950409e-02
660000	2.6999950409e-02
661000	2.7999877930e-02
662000	2.6000022888e-02
663000	2.8000116348e-02
664000	2.6999950409e-02
665000	2.6999950409e-02
666000	2.7000188828e-02
667000	2.7999877930e-02
668000	2.6999950409e-02
669000	2.6999950409e-02
670000	2.9000043869e-02
671000	2.8000116348e-02
672000	2.8000116348e-02
673000	2.7999877930e-02
674000	2.8000116348e-02
675000	2.6999950409e-02
676000	2.7999877930e-02
677000	2.7000188828e-02
678000	2.6999950409e-02
679000	2.7999877930e-02
680000	2.8999805450e-02
681000	2.7999877930e-02
682000	2.7999877930e-02
683000	2.8000116348e-02
684000	2.8000116348e-02
685000	2.8000116348e-02
686000	2.9000043869e-02
687000	2.7999877930e-02
688000	2.8999805450e-02
689000	2.7999877930e-02
690000	2.9000043869e-02
691000	2.7000188828e-02
692000	2.8000116348e-02
693000	2.8000116348e-02
694000	2.7999877930e-02
695000	2.7999877930e-02
696000	2.8000116348e-02
697000	2.8000116348e-02
698000	2.9000043869e-02
699000	2.9000043869e-02
700000	2.9000043869e-02
701000	2.9999971390e-02
702000	2.9999971390e-02
703000	2.9999971390e-02
704000	2.9999971390e-02
705000	2.9999971390e-02
706000	2.9999971390e-02
707000	2.9000043869e-02
708000	2.9999971390e-02
709000	2.9000043869e-02
710000	2.9000043869e-02
711000	2.8999805450e-02
712000	2.8999805450e-02
713000	2.9000043869e-02
714000	2.9000043869e-02
715000	2.9999971390e-02
716000	2.9000043869e-02
717000	2.9000043869e-02
718000	3.1999826431e-02
719000	2.9000043869e-02
720000	2.9999971390e-02
721000	2.9999971390e-02
722000	2.9999971390e-02
723000	2.9999971390e-02
724000	2.9999971390e-02
725000	2.9999971390e-02
726000	2.9999971390e-02
727000	3.0999898911e-02
728000	2.9999971390e-02
729000	2.9999971390e-02
730000	2.9999971390e-02
731000	2.9999971390e-02
732000	3.0000209808e-02
733000	2.9999971390e-02
734000	3.1000137329e-02
735000	2.9999971390e-02
736000	2.9999971390e-02
737000	2.9999971390e-02
738000	2.9999971390e-02
739000	2.9999971390e-02
740000	3.1000137329e-02
741000	3.2000064850e-02
742000	3.1000137329e-02
743000	3.2000064850e-02
744000	2.9999971390e-02
745000	3.1000137329e-02
746000	3.0999898911e-02
747000	3.0999898911e-02
748000	3.0999898911e-02
749000	3.0999898911e-02
750000	3.1000137329e-02
751000	3.1000137329e-02
752000	3.0999898911e-02
753000	3.1000137329e-02
754000	2.9999971390e-02
755000	3.0999898911e-02
756000	3.1999826431e-02
757000	3.1999826431e-02
758000	3.0999898911e-02
759000	3.2999992371e-02
760000	3.5000085831e-02
761000	3.2999992371e-02
762000	3.2000064850e-02
763000	3.1999826431e-02
764000	3.1999826431e-02
765000	3.2999992371e-02
766000	3.2000064850e-02
767000	3.1999826431e-02
768000	3.0999898911e-02
769000	3.2000064850e-02
770000	3.2000064850e-02
771000	3.0999898911e-02
772000	3.1999826431e-02
773000	3.2000064850e-02
774000	3.2000064850e-02
775000	3.0999898911e-02
776000	3.2000064850e-02
777000	3.1999826431e-02
778000	3.2999992371e-02
779000	3.2000064850e-02
780000	3.2000064850e-02
781000	3.2000064850e-02
782000	3.2999992371e-02
783000	3.2999992371e-02
784000	3.2000064850e-02
785000	3.2999992371e-02
786000	3.2999992371e-02
787000	3.6999940872e-02
788000	3.2999992371e-02
789000	3.2999992371e-02
790000	3.2999992371e-02
791000	3.2000064850e-02
792000	3.2999992371e-02
793000	3.2000064850e-02
794000	3.2999992371e-02
795000	3.2999992371e-02
796000	3.2999992371e-02
797000	3.2999992371e-02
798000	3.2999992371e-02
799000	3.6000013351e-02
800000	3.3999919891e-02
801000	3.3999919891e-02
802000	3.3000230789e-02
803000	3.2999992371e-02
804000	3.2999992371e-02
805000	3.3999919891e-02
806000	3.3999919891e-02
807000	3.5000085831e-02
808000	3.2999992371e-02
809000	3.3999919891e-02
810000	3.2999992371e-02
811000	3.3999919891e-02
812000	3.3999919891e-02
813000	3.6000013351e-02
814000	3.3999919891e-02
815000	3.3999919891e-02
816000	3.3999919891e-02
817000	3.3999919891e-02
818000	3.5000085831e-02
819000	3.3999919891e-02
820000	3.2999992371e-02
821000	3.3999919891e-02
822000	3.3999919891e-02
823000	3.3999919891e-02
824000	3.2999992371e-02
825000	3.5000085831e-02
826000	3.3999919891e-02
827000	3.3999919891e-02
828000	3.3999919891e-02
829000	3.4999847412e-02
830000	3.3999919891e-02
831000	3.4999847412e-02
832000	3.6000013351e-02
833000	3.5000085831e-02
834000	3.4000158310e-02
835000	3.5000085831e-02
836000	3.5000085831e-02
837000	3.5000085831e-02
838000	3.3999919891e-02
839000	3.7999868393e-02
840000	3.5000085831e-02
841000	3.5000085831e-02
842000	3.5000085831e-02
843000	3.4999847412e-02
844000	3.5000085831e-02
845000	3.6000013351e-02
846000	3.4000158310e-02
847000	3.5000085831e-02
848000	3.6000013351e-02
849000	3.6000013351e-02
850000	3.4999847412e-02
851000	3.5000085831e-02
852000	3.5999774933e-02
853000	3.6000013351e-02
854000	3.5000085831e-02
855000	3.6000013351e-02
856000	3.6000013351e-02
857000	3.5999774933e-02
858000	3.5000085831e-02
859000	3.6999940872e-02
860000	3.6000013351e-02
861000	3.7000179291e-02
862000	3.6000013351e-02
863000	3.6000013351e-02
864000	3.7000179291e-02
865000	3.6000013351e-02
866000	3.6999940872e-02
867000	3.6000013351e-02
868000	3.6000013351e-02
869000	3.6999940872e-02
870000	3.6000013351e-02
871000	3.6000013351e-02
872000	3.6000013351e-02
873000	3.7000179291e-02
874000	3.6999940872e-02
875000	3.6999940872e-02
876000	3.6000013351e-02
877000	3.6999940872e-02
878000	3.6999940872e-02
879000	3.6999940872e-02
880000	3.6000013351e-02
881000	3.5999774933e-02
882000	3.8000106812e-02
883000	3.6000013351e-02
884000	3.6000013351e-02
885000	3.6999940872e-02
886000	3.7000179291e-02
887000	3.9000034332e-02
888000	3.7999868393e-02
889000	3.7999868393e-02
890000	3.7000179291e-02
891000	3.7000179291e-02
892000	3.8000106812e-02
893000	3.8000106812e-02
894000	3.6999940872e-02
895000	3.6999940872e-02
896000	3.6999940872e-02
897000	3.8000106812e-02
898000	3.6999940872e-02
899000	3.7999868393e-02
900000	3.8000106812e-02
901000	3.8000106812e-02
902000	3.7000179291e-02
903000	3.8000106812e-02
904000	3.8000106812e-02
905000	3.7000179291e-02
906000	3.8000106812e-02
907000	3.8000106812e-02
908000	3.7999868393e-02
909000	3.7999868393e-02
910000	3.8000106812e-02
911000	3.7999868393e-02
912000	3.8000106812e-02
913000	3.9000034332e-02
914000	3.7999868393e-02
915000	3.8999795914e-02
916000	3.8000106812e-02
917000	3.9000034332e-02
918000	3.9000034332e-02
919000	3.9000034332e-02
920000	3.8000106812e-02
921000	3.6999940872e-02
922000	3.9000034332e-02
923000	3.9000034332e-02
924000	3.9999961853e-02
925000	3.8999795914e-02
926000	4.0999889374e-02
927000	3.9000034332e-02
928000	3.9000034332e-02
929000	3.9000034332e-02
930000	3.9000034332e-02
931000	3.9000034332e-02
932000	3.9999961853e-02
933000	4.2000055313e-02
934000	4.1000127792e-02
935000	4.1000127792e-02
936000	3.9999961853e-02
937000	3.9999961853e-02
938000	4.0999889374e-02
939000	3.9999961853e-02
940000	3.9999961853e-02
941000	3.9999961853e-02
942000	3.9999961853e-02
943000	3.9999961853e-02
944000	3.9999961853e-02
945000	3.9999961853e-02
946000	3.9999961853e-02
947000	3.9000034332e-02
948000	4.0999889374e-02
949000	3.9999961853e-02
950000	4.1000127792e-02
951000	4.0000200272e-02
952000	3.9999961853e-02
953000	4.0999889374e-02
954000	3.9999961853e-02
955000	4.2000055313e-02
956000	4.1999816895e-02
957000	4.0999889374e-02
958000	3.9999961853e-02
959000	4.1000127792e-02
960000	4.0000200272e-02
961000	4.1000127792e-02
962000	4.1000127792e-02
963000	4.0999889374e-02
964000	4.0999889374e-02
965000	3.9999961853e-02
966000	4.0999889374e-02
967000	4.0999889374e-02
968000	4.2000055313e-02
969000	3.9999961853e-02
970000	4.0999889374e-02
971000	3.9999961853e-02
972000	4.0999889374e-02
973000	4.2000055313e-02
974000	4.0999889374e-02
975000	4.0999889374e-02
976000	4.2999982834e-02
977000	4.2000055313e-02
978000	4.0999889374e-02
979000	4.2000055313e-02
980000	4.2000055313e-02
981000	4.3000221252e-02
982000	4.2000055313e-02
983000	4.0999889374e-02
984000	4.2000055313e-02
985000	4.2000055313e-02
986000	4.2000055313e-02
987000	4.2999982834e-02
988000	4.2000055313e-02
989000	4.1999816895e-02
990000	4.2000055313e-02
991000	4.2999982834e-02
992000	4.2999982834e-02
993000	4.1999816895e-02
994000	4.2999982834e-02
995000	4.2999982834e-02
996000	4.1999816895e-02
997000	4.2000055313e-02
998000	4.4000148773e-02
999000	4.2999982834e-02
1000000	4.3999910355e-02
