1000	0.0000000000e+00
2000	0.0000000000e+00
3000	0.0000000000e+00
4000	1.0001659393e-03
5000	0.0000000000e+00
6000	9.9992752075e-04
7000	0.0000000000e+00
8000	9.9992752075e-04
9000	0.0000000000e+00
10000	0.0000000000e+00
11000	9.9992752075e-04
12000	9.9992752075e-04
13000	1.0001659393e-03
14000	9.9992752075e-04
15000	9.9992752075e-04
16000	9.9992752075e-04
17000	1.0001659393e-03
18000	9.9992752075e-04
19000	1.0001659393e-03
20000	9.9992752075e-04
21000	2.0000934601e-03
22000	9.9992752075e-04
23000	2.0000934601e-03
24000	9.9992752075e-04
25000	1.0001659393e-03
26000	1.9998550415e-03
27000	2.0000934601e-03
28000	2.0000934601e-03
29000	1.9998550415e-03
30000	2.0000934601e-03
31000	1.9998550415e-03
32000	2.0000934601e-03
33000	2.0000934601e-03
34000	1.9998550415e-03
35000	2.0000934601e-03
36000	2.0000934601e-03
37000	3.0000209808e-03
38000	2.0000934601e-03
39000	1.9998550415e-03
40000	3.0000209808e-03
41000	3.0000209808e-03
42000	3.0000209808e-03
43000	3.0000209808e-03
44000	3.0000209808e-03
45000	2.0000934601e-03
46000	3.0000209808e-03
47000	3.0000209808e-03
48000	3.0000209808e-03
49000	3.0000209808e-03
50000	3.0000209808e-03
51000	3.0000209808e-03
52000	3.0000209808e-03
53000	3.0000209808e-03
54000	3.9999485016e-03
55000	3.9999485016e-03
56000	3.9999485016e-03
57000	4.0001869202e-03
58000	3.9999485016e-03
59000	3.9999485016e-03
60000	4.0001869202e-03
61000	3.9999485016e-03
62000	3.9999485016e-03
63000	3.9999485016e-03
64000	5.0001144409e-03
65000	5.0001144409e-03
66000	3.9999485016e-03
67000	3.9999485016e-03
68000	3.9999485016e-03
69000	5.0001144409e-03
70000	4.9998760223e-03
71000	5.0001144409e-03
72000	4.9998760223e-03
73000	4.0001869202e-03
74000	5.0001144409e-03
75000	4.9998760223e-03
76000	5.0001144409e-03
77000	4.9998760223e-03
78000	4.9998760223e-03
79000	4.9998760223e-03
80000	6.0000419617e-03
81000	5.0001144409e-03
82000	6.0000419617e-03
83000	6.9999694824e-03
84000	6.0000419617e-03
85000	6.0000419617e-03
86000	6.0000419617e-03
87000	6.0000419617e-03
88000	6.0000419617e-03
89000	6.0000419617e-03
90000	6.0000419617e-03
91000	5.9998035431e-03
92000	6.9999694824e-03
93000	7.0002079010e-03
94000	6.9999694824e-03
95000	6.0000419617e-03
96000	6.0000419617e-03
97000	6.9999694824e-03
98000	6.9999694824e-03
99000	6.9999694824e-03
100000	6.9999694824e-03
101000	6.9999694824e-03
102000	6.9999694824e-03
103000	5.9998035431e-03
104000	7.9998970032e-03
105000	7.0002079010e-03
106000	6.9999694824e-03
107000	6.9999694824e-03
108000	7.9998970032e-03
109000	8.0001354218e-03
110000	6.9999694824e-03
111000	8.0001354218e-03
112000	8.0001354218e-03
113000	7.9998970032e-03
114000	8.0001354218e-03
115000	7.9998970032e-03
116000	7.9998970032e-03
117000	8.0001354218e-03
118000	8.0001354218e-03
119000	7.9998970032e-03
120000	8.9998245239e-03
121000	7.9998970032e-03
122000	8.0001354218e-03
123000	9.0000629425e-03
124000	9.0000629425e-03
125000	8.0001354218e-03
126000	9.0000629425e-03
127000	9.9999904633e-03
128000	9.9999904633e-03
129000	8.9998245239e-03
130000	8.9998245239e-03
131000	9.9999904633e-03
132000	9.9999904633e-03
133000	9.0000629425e-03
134000	9.9999904633e-03
135000	8.9998245239e-03
136000	9.9999904633e-03
137000	9.9999904633e-03
138000	9.9999904633e-03
139000	9.9999904633e-03
140000	1.0999917984e-02
141000	9.9999904633e-03
142000	8.9998245239e-03
143000	9.9999904633e-03
144000	9.9999904633e-03
145000	9.9999904633e-03
146000	9.9999904633e-03
147000	1.1000156403e-02
148000	9.9999904633e-03
149000	1.1000156403e-02
150000	9.9999904633e-03
151000	1.1000156403e-02
152000	1.0999917984e-02
153000	1.0999917984e-02
154000	9.9999904633e-03
155000	1.0999917984e-02
156000	1.1000156403e-02
157000	9.9999904633e-03
158000	1.0999917984e-02
159000	1.1999845505e-02
160000	1.0999917984e-02
161000	1.2000083923e-02
162000	1.1000156403e-02
163000	1.2000083923e-02
164000	1.3000011444e-02
165000	1.0999917984e-02
166000	1.2000083923e-02
167000	1.2000083923e-02
168000	1.3000011444e-02
169000	1.2000083923e-02
170000	1.1999845505e-02
171000	1.2000083923e-02
172000	1.3000011444e-02
173000	1.2000083923e-02
174000	1.2000083923e-02
175000	1.1999845505e-02
176000	1.3000011444e-02
177000	1.3000011444e-02
178000	1.3000011444e-02
179000	1.3000011444e-02
180000	1.3000011444e-02
181000	1.3000011444e-02
182000	1.3000011444e-02
183000	1.3000011444e-02
184000	1.3999938965e-02
185000	1.3000011444e-02
186000	1.3000011444e-02
187000	1.3000011444e-02
188000	1.3999938965e-02
189000	1.3000011444e-02
190000	1.4000177383e-02
191000	1.3999938965e-02
192000	1.5000104904e-02
193000	1.4000177383e-02
194000	1.3999938965e-02
195000	1.3999938965e-02
196000	1.4999866486e-02
197000	1.6000032425e-02
198000	1.3999938965e-02
199000	1.3999938965e-02
200000	1.5000104904e-02
201000	1.3999938965e-02
202000	1.3999938965e-02
203000	1.3999938965e-02
204000	1.4999866486e-02
205000	1.4999866486e-02
206000	1.6000032425e-02
207000	1.4999866486e-02
208000	1.4999866486e-02
209000	1.4999866486e-02
210000	1.5000104904e-02
211000	1.6000032425e-02
212000	1.6000032425e-02
213000	1.8999814987e-02
214000	1.6000032425e-02
215000	1.6000032425e-02
216000	1.6000032425e-02
217000	1.6000032425e-02
218000	1.6000032425e-02
219000	1.6000032425e-02
220000	1.6000032425e-02
221000	1.6000032425e-02
222000	1.6000032425e-02
223000	1.6000032425e-02
224000	1.7999887466e-02
225000	1.6999959946e-02
226000	1.6999959946e-02
227000	1.6999959946e-02
228000	1.6999959946e-02
229000	1.6999959946e-02
230000	1.8000125885e-02
231000	1.7000198364e-02
232000	1.6999959946e-02
233000	1.6999959946e-02
234000	1.6999959946e-02
235000	1.7999887466e-02
236000	1.7999887466e-02
237000	1.8000125885e-02
238000	1.8000125885e-02
239000	1.6999959946e-02
240000	1.7999887466e-02
241000	1.7999887466e-02
242000	1.7999887466e-02
243000	1.8000125885e-02
244000	1.8000125885e-02
245000	1.8000125885e-02
246000	1.9000053406e-02
247000	1.8000125885e-02
248000	1.8000125885e-02
249000	1.7999887466e-02
250000	1.7999887466e-02
251000	1.9000053406e-02
252000	1.8999814987e-02
253000	1.9000053406e-02
254000	1.9999980927e-02
255000	1.9000053406e-02
256000	2.1000146866e-02
257000	1.9000053406e-02
258000	1.9999980927e-02
259000	1.9000053406e-02
260000	2.0999908447e-02
261000	1.9999980927e-02
262000	2.0000219345e-02
263000	2.1000146866e-02
264000	2.0999908447e-02
265000	1.9999980927e-02
266000	1.9999980927e-02
267000	1.9000053406e-02
268000	1.9999980927e-02
269000	2.0999908447e-02
270000	2.0999908447e-02
271000	1.8999814987e-02
272000	2.0999908447e-02
273000	2.0999908447e-02
274000	2.0999908447e-02
275000	1.9999980927e-02
276000	2.0999908447e-02
277000	2.0999908447e-02
278000	2.0999908447e-02
279000	2.0999908447e-02
280000	2.0999908447e-02
281000	1.9999980927e-02
282000	2.0999908447e-02
283000	1.9999980927e-02
284000	2.1000146866e-02
285000	2.1000146866e-02
286000	2.0999908447e-02
287000	2.0999908447e-02
288000	2.1999835968e-02
289000	2.2000074387e-02
290000	2.2000074387e-02
291000	2.0999908447e-02
292000	2.2000074387e-02
293000	2.1999835968e-02
294000	2.3000001907e-02
295000	2.4999856949e-02
296000	2.3000001907e-02
297000	2.3000001907e-02
298000	2.3000001907e-02
299000	2.3000001907e-02
300000	2.1999835968e-02
301000	2.3000001907e-02
302000	2.2000074387e-02
303000	2.2000074387e-02
304000	2.3000001907e-02
305000	2.3000001907e-02
306000	2.3000001907e-02
307000	2.3000001907e-02
308000	2.3000001907e-02
309000	2.3000001907e-02
310000	2.3999929428e-02
311000	2.3999929428e-02
312000	2.3000001907e-02
313000	2.3000001907e-02
314000	2.3000001907e-02
315000	2.3999929428e-02
316000	2.3000001907e-02
317000	2.3000001907e-02
318000	2.3000001907e-02
319000	2.3999929428e-02
320000	2.6000022888e-02
321000	2.4000167847e-02
322000	2.3999929428e-02
323000	2.5000095367e-02
324000	2.5000095367e-02
325000	2.5000095367e-02
326000	2.3999929428e-02
327000	2.5999784470e-02
328000	2.6999950409e-02
329000	2.6000022888e-02
330000	2.5000095367e-02
331000	2.6000022888e-02
332000	2.5000095367e-02
333000	2.6000022888e-02
334000	2.6000022888e-02
335000	2.7999877930e-02
336000	2.6999950409e-02
337000	2.4999856949e-02
338000	2.5000095367e-02
339000	2.4999856949e-02
340000	2.6000022888e-02
341000	2.6000022888e-02
342000	2.7000188828e-02
343000	2.8000116348e-02
344000	2.7000188828e-02
345000	2.5999784470e-02
346000	2.6000022888e-02
347000	2.6000022888e-02
348000	2.7000188828e-02
349000	2.6000022888e-02
350000	2.6999950409e-02
351000	2.6999950409e-02
352000	2.8000116348e-02
353000	2.7000188828e-02
354000	2.6999950409e-02
355000	2.6999950409e-02
356000	2.6999950409e-02
357000	2.6999950409e-02
358000	2.6999950409e-02
359000	2.7999877930e-02
360000	2.8000116348e-02
361000	2.8000116348e-02
362000	2.6999950409e-02
363000	2.8000116348e-02
364000	2.8000116348e-02
365000	2.6999950409e-02
366000	2.8000116348e-02
367000	2.6999950409e-02
368000	2.9999971390e-02
369000	2.7999877930e-02
370000	2.8000116348e-02
371000	2.7999877930e-02
372000	2.7999877930e-02
373000	2.8000116348e-02
374000	2.7999877930e-02
375000	2.9000043869e-02
376000	2.8999805450e-02
377000	3.1000137329e-02
378000	2.8000116348e-02
379000	2.9000043869e-02
380000	2.9000043869e-02
381000	2.8999805450e-02
382000	2.9000043869e-02
383000	2.9999971390e-02
384000	3.1999826431e-02
385000	2.9999971390e-02
386000	2.9999971390e-02
387000	2.9999971390e-02
388000	2.9999971390e-02
389000	3.0999898911e-02
390000	2.9999971390e-02
391000	3.0000209808e-02
392000	3.1000137329e-02
393000	3.0999898911e-02
394000	3.2999992371e-02
395000	3.2000064850e-02
396000	3.1000137329e-02
397000	3.2000064850e-02
398000	3.0999898911e-02
399000	2.9999971390e-02
400000	3.4000158310e-02
401000	3.0999898911e-02
402000	2.9999971390e-02
403000	2.9999971390e-02
404000	2.9999971390e-02
405000	3.2000064850e-02
406000	3.4999847412e-02
407000	3.2000064850e-02
408000	3.2999992371e-02
409000	3.2000064850e-02
410000	3.2999992371e-02
411000	3.0999898911e-02
412000	3.1000137329e-02
413000	3.2000064850e-02
414000	2.9999971390e-02
415000	3.2000064850e-02
416000	3.4000158310e-02
417000	3.1999826431e-02
418000	3.2999992371e-02
419000	3.2000064850e-02
420000	3.1999826431e-02
421000	3.1000137329e-02
422000	3.2999992371e-02
423000	3.2999992371e-02
424000	3.2999992371e-02
425000	3.2999992371e-02
426000	4.2000055313e-02
427000	3.3999919891e-02
428000	3.3999919891e-02
429000	3.4000158310e-02
430000	3.3000230789e-02
431000	3.2999992371e-02
432000	3.4000158310e-02
433000	3.3999919891e-02
434000	3.3999919891e-02
435000	3.2999992371e-02
436000	3.3999919891e-02
437000	3.3999919891e-02
438000	3.3999919891e-02
439000	3.3999919891e-02
440000	3.3999919891e-02
441000	3.4000158310e-02
442000	3.3999919891e-02
443000	3.3999919891e-02
444000	3.3999919891e-02
445000	3.5000085831e-02
446000	3.3999919891e-02
447000	3.4000158310e-02
448000	3.6999940872e-02
449000	3.5000085831e-02
450000	3.6000013351e-02
451000	3.4999847412e-02
452000	3.5000085831e-02
453000	3.4999847412e-02
454000	3.6000013351e-02
455000	3.5000085831e-02
456000	3.6999940872e-02
457000	3.6000013351e-02
458000	3.6000013351e-02
459000	3.9999961853e-02
460000	3.7999868393e-02
461000	3.4999847412e-02
462000	3.6999940872e-02
463000	3.4999847412e-02
464000	3.6999940872e-02
465000	3.6000013351e-02
466000	3.6000013351e-02
467000	3.8000106812e-02
468000	3.5000085831e-02
469000	3.7999868393e-02
470000	3.6999940872e-02
471000	3.7999868393e-02
472000	3.8000106812e-02
473000	3.6999940872e-02
474000	3.6999940872e-02
475000	3.7999868393e-02
476000	3.8000106812e-02
477000	3.6999940872e-02
478000	3.6000013351e-02
479000	3.9000034332e-02
480000	4.0999889374e-02
481000	3.8000106812e-02
482000	3.6999940872e-02
483000	3.8000106812e-02
484000	3.6999940872e-02
485000	3.6999940872e-02
486000	3.9000034332e-02
487000	3.9000034332e-02
488000	3.9000034332e-02
489000	3.7999868393e-02
490000	3.8000106812e-02
491000	4.0999889374e-02
492000	3.9999961853e-02
493000	3.8000106812e-02
494000	3.8000106812e-02
495000	3.8000106812e-02
496000	3.8000106812e-02
497000	3.8000106812e-02
498000	3.8000106812e-02
499000	3.9000034332e-02
500000	3.9000034332e-02
501000	3.8000106812e-02
502000	3.7999868393e-02
503000	3.9000034332e-02
504000	3.9999961853e-02
505000	3.9000034332e-02
506000	3.9000034332e-02
507000	3.9000034332e-02
508000	4.1000127792e-02
509000	3.7999868393e-02
510000	3.9999961853e-02
511000	3.8999795914e-02
512000	4.7999858856e-02
513000	4.0000200272e-02
514000	4.0999889374e-02
515000	3.9999961853e-02
516000	4.1000127792e-02
517000	3.9999961853e-02
518000	4.0999889374e-02
519000	4.0000200272e-02
520000	4.2000055313e-02
521000	4.0000200272e-02
522000	4.1999816895e-02
523000	4.2000055313e-02
524000	4.3999910355e-02
525000	4.6000003815e-02
526000	4.4000148773e-02
527000	4.3999910355e-02
528000	4.2999982834e-02
529000	4.2000055313e-02
530000	4.2000055313e-02
531000	4.0999889374e-02
532000	4.1999816895e-02
533000	4.1999816895e-02
534000	4.1999816895e-02
535000	4.2000055313e-02
536000	4.2999982834e-02
537000	4.2000055313e-02
538000	4.2000055313e-02
539000	4.2999982834e-02
540000	4.4000148773e-02
541000	4.3000221252e-02
542000	4.1999816895e-02
543000	4.0999889374e-02
544000	4.5000076294e-02
545000	4.2999982834e-02
546000	4.2999982834e-02
547000	4.2999982834e-02
548000	4.5000076294e-02
549000	4.2999982834e-02
550000	4.2999982834e-02
551000	4.2999982834e-02
552000	4.4999837875e-02
553000	4.4999837875e-02
554000	4.6000003815e-02
555000	4.4999837875e-02
556000	4.5000076294e-02
557000	4.6000003815e-02
558000	4.6000003815e-02
559000	4.5000076294e-02
560000	4.5000076294e-02
561000	4.3999910355e-02
562000	4.4999837875e-02
563000	4.4000148773e-02
564000	4.3999910355e-02
565000	4.4999837875e-02
566000	4.3999910355e-02
567000	4.6000003815e-02
568000	4.6000003815e-02
569000	4.6999931335e-02
570000	4.4000148773e-02
571000	4.6000003815e-02
572000	4.5000076294e-02
573000	4.6999931335e-02
574000	4.5000076294e-02
575000	4.5000076294e-02
576000	4.8000097275e-02
577000	4.6000003815e-02
578000	4.5000076294e-02
579000	4.6000003815e-02
580000	4.6000003815e-02
581000	4.6000003815e-02
582000	4.6000003815e-02
583000	4.6000003815e-02
584000	4.6000003815e-02
585000	4.6000003815e-02
586000	4.6999931335e-02
587000	4.6999931335e-02
588000	4.7999858856e-02
589000	4.8000097275e-02
590000	5.3999900818e-02
591000	4.9000024796e-02
592000	4.8000097275e-02
593000	4.8000097275e-02
594000	4.7000169754e-02
595000	4.8000097275e-02
596000	4.7999858856e-02
597000	4.9999952316e-02
598000	4.9000024796e-02
599000	4.7999858856e-02
600000	4.9000024796e-02
601000	4.8000097275e-02
602000	4.9999952316e-02
603000	4.9000024796e-02
604000	4.9000024796e-02
605000	4.9000024796e-02
606000	4.9999952316e-02
607000	4.8000097275e-02
608000	5.3999900818e-02
609000	5.0000190735e-02
610000	4.9000024796e-02
611000	4.6999931335e-02
612000	5.0000190735e-02
613000	4.9000024796e-02
614000	4.9999952316e-02
615000	4.9000024796e-02
616000	4.8999786377e-02
617000	4.9000024796e-02
618000	4.9999952316e-02
619000	4.9999952316e-02
620000	5.0999879837e-02
621000	5.0000190735e-02
622000	5.0999879837e-02
623000	5.2999973297e-02
624000	5.1000118256e-02
625000	5.1000118256e-02
626000	4.9000024796e-02
627000	4.9999952316e-02
628000	4.9000024796e-02
629000	4.9999952316e-02
630000	4.9999952316e-02
631000	5.0000190735e-02
632000	4.9999952316e-02
633000	4.9000024796e-02
634000	4.9000024796e-02
635000	5.1000118256e-02
636000	5.2000045776e-02
637000	4.9999952316e-02
638000	5.2000045776e-02
639000	5.8000087738e-02
640000	5.5000066757e-02
641000	5.2000045776e-02
642000	4.9999952316e-02
643000	5.2000045776e-02
644000	5.2000045776e-02
645000	5.2999973297e-02
646000	5.2000045776e-02
647000	5.2000045776e-02
648000	5.1000118256e-02
649000	5.1000118256e-02
650000	5.1000118256e-02
651000	5.2999973297e-02
652000	5.2999973297e-02
653000	5.5999994278e-02
654000	5.3999900818e-02
655000	5.3999900818e-02
656000	5.9000015259e-02
657000	5.6999921799e-02
658000	5.4000139236e-02
659000	5.5000066757e-02
660000	5.3999900818e-02
661000	5.4999828339e-02
662000	5.6999921799e-02
663000	5.5000066757e-02
664000	5.2999973297e-02
665000	5.2999973297e-02
666000	5.2999973297e-02
667000	5.4999828339e-02
668000	5.3999900818e-02
669000	5.5000066757e-02
670000	5.4000139236e-02
671000	5.3999900818e-02
672000	5.5999994278e-02
673000	5.2999973297e-02
674000	5.3000211716e-02
675000	5.2999973297e-02
676000	5.4000139236e-02
677000	5.2999973297e-02
678000	5.4000139236e-02
679000	5.5000066757e-02
680000	5.8000087738e-02
681000	5.3999900818e-02
682000	5.5999994278e-02
683000	5.5000066757e-02
684000	5.6999921799e-02
685000	5.6000232697e-02
686000	5.6999921799e-02
687000	5.7000160217e-02
688000	5.8000087738e-02
689000	5.5999994278e-02
690000	5.5999994278e-02
691000	5.5000066757e-02
692000	5.5000066757e-02
693000	5.4999828339e-02
694000	5.5999994278e-02
695000	5.5999994278e-02
696000	6.2000036240e-02
697000	5.5000066757e-02
698000	5.5000066757e-02
699000	5.4999828339e-02
700000	5.5999994278e-02
701000	5.3999900818e-02
702000	5.8000087738e-02
703000	5.5000066757e-02
704000	6.1000108719e-02
705000	5.5999994278e-02
706000	5.5999994278e-02
707000	5.5999994278e-02
708000	5.6999921799e-02
709000	5.5999994278e-02
710000	5.5999994278e-02
711000	5.5999994278e-02
712000	5.8000087738e-02
713000	5.9000015259e-02
714000	5.9000015259e-02
715000	5.8000087738e-02
716000	5.8000087738e-02
717000	5.8000087738e-02
718000	5.8000087738e-02
719000	5.7999849319e-02
720000	5.9999942780e-02
721000	6.9999933243e-02
722000	5.9999942780e-02
723000	5.7999849319e-02
724000	5.9000015259e-02
725000	6.2999963760e-02
726000	5.9000015259e-02
727000	5.8000087738e-02
728000	6.3000202179e-02
729000	6.0999870300e-02
730000	5.7999849319e-02
731000	5.9999942780e-02
732000	6.1000108719e-02
733000	5.9000015259e-02
734000	5.9999942780e-02
735000	6.2000036240e-02
736000	6.3000202179e-02
737000	5.9999942780e-02
738000	5.9999942780e-02
739000	6.1000108719e-02
740000	5.9999942780e-02
741000	6.0000181198e-02
742000	5.9999942780e-02
743000	5.9999942780e-02
744000	6.4000129700e-02
745000	6.1000108719e-02
746000	5.9000015259e-02
747000	5.9999942780e-02
748000	6.0999870300e-02
749000	6.0999870300e-02
750000	6.0999870300e-02
751000	6.2999963760e-02
752000	6.3999891281e-02
753000	6.1999797821e-02
754000	6.3999891281e-02
755000	6.0999870300e-02
756000	5.9999942780e-02
757000	5.9999942780e-02
758000	6.2000036240e-02
759000	6.0999870300e-02
760000	6.0999870300e-02
761000	5.9999942780e-02
762000	5.9999942780e-02
763000	6.1000108719e-02
764000	6.2999963760e-02
765000	6.2000036240e-02
766000	6.2000036240e-02
767000	6.2999963760e-02
768000	7.2000026703e-02
769000	6.3999891281e-02
770000	6.5000057220e-02
771000	6.2999963760e-02
772000	6.2999963760e-02
773000	6.2999963760e-02
774000	6.5999984741e-02
775000	6.2999963760e-02
776000	6.4000129700e-02
777000	6.2999963760e-02
778000	6.3999891281e-02
779000	6.2000036240e-02
780000	6.4999818802e-02
781000	6.3999891281e-02
782000	6.5999984741e-02
783000	6.5000057220e-02
784000	6.6999912262e-02
785000	6.5999984741e-02
786000	6.5999984741e-02
787000	7.0999860764e-02
788000	7.1000099182e-02
789000	6.8000078201e-02
790000	6.7000150681e-02
791000	6.4000129700e-02
792000	6.5999984741e-02
793000	6.6999912262e-02
794000	6.5999984741e-02
795000	6.5000057220e-02
796000	6.5000057220e-02
797000	6.2999963760e-02
798000	6.4000129700e-02
799000	6.3000202179e-02
800000	6.7000150681e-02
801000	6.4999818802e-02
802000	6.6999912262e-02
803000	6.7999839783e-02
804000	6.5000057220e-02
805000	6.4000129700e-02
806000	6.5000057220e-02
807000	6.3999891281e-02
808000	6.5000057220e-02
809000	6.5999984741e-02
810000	6.7000150681e-02
811000	6.9000005722e-02
812000	6.5999984741e-02
813000	6.5999984741e-02
814000	6.6999912262e-02
815000	6.6999912262e-02
816000	6.9999933243e-02
817000	6.7999839783e-02
818000	6.8000078201e-02
819000	6.9000005722e-02
820000	6.9000005722e-02
821000	6.5999984741e-02
822000	6.5999984741e-02
823000	6.6000223160e-02
824000	6.6999912262e-02
825000	6.7000150681e-02
826000	6.6999912262e-02
827000	6.6999912262e-02
828000	6.6000223160e-02
829000	6.6999912262e-02
830000	6.6999912262e-02
831000	6.8000078201e-02
832000	6.9999933243e-02
833000	6.6999912262e-02
834000	6.9000005722e-02
835000	6.8000078201e-02
836000	6.7999839783e-02
837000	6.7999839783e-02
838000	6.7000150681e-02
839000	6.8000078201e-02
840000	6.7999839783e-02
841000	6.8000078201e-02
842000	6.7999839783e-02
843000	7.2000026703e-02
844000	7.0000171661e-02
845000	6.9000005722e-02
846000	7.0999860764e-02
847000	6.9000005722e-02
848000	7.1000099182e-02
849000	6.9000005722e-02
850000	7.3000192642e-02
851000	7.1000099182e-02
852000	9.2000007629e-02
853000	7.2999954224e-02
854000	7.2000026703e-02
855000	7.2000026703e-02
856000	7.3999881744e-02
857000	7.0999860764e-02
858000	7.0999860764e-02
859000	7.1000099182e-02
860000	7.2000026703e-02
861000	6.9999933243e-02
862000	6.9999933243e-02
863000	6.9999933243e-02
864000	7.4000120163e-02
865000	7.1000099182e-02
866000	7.1000099182e-02
867000	6.9999933243e-02
868000	7.3000192642e-02
869000	7.1000099182e-02
870000	7.4999809265e-02
871000	6.9999933243e-02
872000	7.1000099182e-02
873000	7.0000171661e-02
874000	7.2000026703e-02
875000	7.2000026703e-02
876000	7.4000120163e-02
877000	7.0999860764e-02
878000	7.2999954224e-02
879000	7.2000026703e-02
880000	7.3999881744e-02
881000	7.1000099182e-02
882000	7.2000026703e-02
883000	7.4000120163e-02
884000	7.4000120163e-02
885000	7.4999809265e-02
886000	7.2999954224e-02
887000	7.1000099182e-02
888000	7.4000120163e-02
889000	6.9999933243e-02
890000	7.2000026703e-02
891000	7.1000099182e-02
892000	7.3000192642e-02
893000	7.3000192642e-02
894000	7.3000192642e-02
895000	7.5000047684e-02
896000	7.9999923706e-02
897000	7.3999881744e-02
898000	7.3999881744e-02
899000	7.3999881744e-02
900000	7.5000047684e-02
901000	7.5000047684e-02
902000	7.5999975204e-02
903000	7.2999954224e-02
904000	7.5000047684e-02
905000	7.4999809265e-02
906000	7.4000120163e-02
907000	7.4999809265e-02
908000	7.5999975204e-02
909000	7.5999975204e-02
910000	7.5999975204e-02
911000	7.3999881744e-02
912000	7.5999975204e-02
913000	7.4999809265e-02
914000	7.5000047684e-02
915000	7.6999902725e-02
916000	7.6999902725e-02
917000	7.8999996185e-02
918000	8.8000059128e-02
919000	8.2000017166e-02
920000	8.2000017166e-02
921000	7.8000068665e-02
922000	7.8000068665e-02
923000	7.6999902725e-02
924000	7.8000068665e-02
925000	7.7999830246e-02
926000	7.7000141144e-02
927000	7.4999809265e-02
928000	7.8999996185e-02
929000	7.5999975204e-02
930000	7.7000141144e-02
931000	7.6000213623e-02
932000	7.9999923706e-02
933000	7.8000068665e-02
934000	8.0999851227e-02
935000	7.7000141144e-02
936000	7.7000141144e-02
937000	7.6999902725e-02
938000	8.0999851227e-02
939000	8.1000089645e-02
940000	7.8999996185e-02
941000	7.7999830246e-02
942000	8.0000162125e-02
943000	7.7999830246e-02
944000	8.2999944687e-02
945000	7.8000068665e-02
946000	7.9999923706e-02
947000	7.8999996185e-02
948000	8.1000089645e-02
949000	7.9999923706e-02
950000	8.1000089645e-02
951000	7.8999996185e-02
952000	7.8999996185e-02
953000	7.7999830246e-02
954000	7.7000141144e-02
955000	7.7999830246e-02
956000	7.9999923706e-02
957000	7.8999996185e-02
958000	7.8999996185e-02
959000	7.6999902725e-02
960000	8.2999944687e-02
961000	8.1000089645e-02
962000	8.2000017166e-02
963000	8.1000089645e-02
964000	8.2000017166e-02
965000	8.0000162125e-02
966000	8.2999944687e-02
967000	8.3999872208e-02
968000	7.8000068665e-02
969000	7.7000141144e-02
970000	7.8999996185e-02
971000	7.7999830246e-02
972000	8.1000089645e-02
973000	8.0999851227e-02
974000	8.2000017166e-02
975000	7.8999996185e-02
976000	8.2999944687e-02
977000	8.1000089645e-02
978000	8.0999851227e-02
979000	8.5000038147e-02
980000	8.2000017166e-02
981000	8.4999799728e-02
982000	8.3999872208e-02
983000	8.6999893188e-02
984000	8.5999965668e-02
985000	8.2999944687e-02
986000	8.2000017166e-02
987000	8.2000017166e-02
988000	8.2000017166e-02
989000	8.0999851227e-02
990000	8.8000059128e-02
991000	8.2999944687e-02
992000	8.2999944687e-02
993000	8.1000089645e-02
994000	8.1000089645e-02
995000	8.2999944687e-02
996000	7.9999923706e-02
997000	8.2999944687e-02
998000	8.5000038147e-02
999000	8.5000038147e-02
1000000	8.2000017166e-02
