975002490
31600009980
240975022470
1017600039960
3109375062450
7743600089940
16746975122430
32665600159920
58884975202410
99750000249900
160684975302390
248313600359880
370578975422370
536863600489860
758109375562350
1046937600639840
1417768975722330
1886943600809820
2472840975902310
3196000000999800
4079238976102290
5147775601209780
6429346976322270
7954329601439760
9755859376562250
11869951601689740
14335620976822230
17195001601959720
20493466977102210
24279750002249700
28606062977402190
33528217602559680
39105744977722170
45402015602889660
52484359378062150
60424185603239640
69297102978422130
79183039603609620
90166362978802110
102336000003999600
115785556979202090
130613439604409580
146922972979622070
164822521604839560
184425609380062050
205851039605289540
229223014980522030
254671257605759520
282331128981002010
312343750006249500
344856120981501990
380021241606759480
417998230982021970
458952447607289460
503055609382561950
550485913607839440
601428156983121930
656073855608409420
714621364983701910
777276000008999400
844250154984301890
915763423609609380
992042718984921870
1073322393610239360
1159844359385561850
1251858207610889340
1349621328986221830
1453399033611559320
1563464670986901810
1680099750012249300
1803594058987601790
1934245785612959280
2072361636988321770
2218256959613689260
2372255859389061750
2534691321614439240
2705905330989821730
2886248991615209220
3076082646990601710
3275776000015999200
3485708232991401690
3706268127616809180
3937854184992221670
4180874745617639160
4435748109393061650
4702902655618489140
4982776962993921630
5275819929619359120
5582490892994801610
5903259750020249100
6238607076995701590
6589024249621159080
6955013562996621570
7337088351622089060
7735773109397561550
8151603609623039040
8585127024998521530
9036902047624009020
9507499008999501510
9997500000024999000
